最终搜索路径为：
------ 0 --------
[11, 9, 4, 15]
[1, 3, 0, 12]
[7, 5, 8, 6]
[13, 2, 10, 14]
------ 1 --------
[11, 9, 4, 15]
[1, 3, 12, 0]
[7, 5, 8, 6]
[13, 2, 10, 14]
------ 2 --------
[11, 9, 4, 0]
[1, 3, 12, 15]
[7, 5, 8, 6]
[13, 2, 10, 14]
------ 3 --------
[11, 9, 0, 4]
[1, 3, 12, 15]
[7, 5, 8, 6]
[13, 2, 10, 14]
------ 4 --------
[11, 9, 12, 4]
[1, 3, 0, 15]
[7, 5, 8, 6]
[13, 2, 10, 14]
------ 5 --------
[11, 9, 12, 4]
[1, 3, 8, 15]
[7, 5, 0, 6]
[13, 2, 10, 14]
------ 6 --------
[11, 9, 12, 4]
[1, 3, 8, 15]
[7, 5, 6, 0]
[13, 2, 10, 14]
------ 7 --------
[11, 9, 12, 4]
[1, 3, 8, 0]
[7, 5, 6, 15]
[13, 2, 10, 14]
------ 8 --------
[11, 9, 12, 4]
[1, 3, 0, 8]
[7, 5, 6, 15]
[13, 2, 10, 14]
------ 9 --------
[11, 9, 0, 4]
[1, 3, 12, 8]
[7, 5, 6, 15]
[13, 2, 10, 14]
------ 10 --------
[11, 0, 9, 4]
[1, 3, 12, 8]
[7, 5, 6, 15]
[13, 2, 10, 14]
------ 11 --------
[0, 11, 9, 4]
[1, 3, 12, 8]
[7, 5, 6, 15]
[13, 2, 10, 14]
------ 12 --------
[1, 11, 9, 4]
[0, 3, 12, 8]
[7, 5, 6, 15]
[13, 2, 10, 14]
------ 13 --------
[1, 11, 9, 4]
[7, 3, 12, 8]
[0, 5, 6, 15]
[13, 2, 10, 14]
------ 14 --------
[1, 11, 9, 4]
[7, 3, 12, 8]
[5, 0, 6, 15]
[13, 2, 10, 14]
------ 15 --------
[1, 11, 9, 4]
[7, 3, 12, 8]
[5, 6, 0, 15]
[13, 2, 10, 14]
------ 16 --------
[1, 11, 9, 4]
[7, 3, 0, 8]
[5, 6, 12, 15]
[13, 2, 10, 14]
------ 17 --------
[1, 11, 0, 4]
[7, 3, 9, 8]
[5, 6, 12, 15]
[13, 2, 10, 14]
------ 18 --------
[1, 0, 11, 4]
[7, 3, 9, 8]
[5, 6, 12, 15]
[13, 2, 10, 14]
------ 19 --------
[1, 3, 11, 4]
[7, 0, 9, 8]
[5, 6, 12, 15]
[13, 2, 10, 14]
------ 20 --------
[1, 3, 11, 4]
[7, 6, 9, 8]
[5, 0, 12, 15]
[13, 2, 10, 14]
------ 21 --------
[1, 3, 11, 4]
[7, 6, 9, 8]
[5, 2, 12, 15]
[13, 0, 10, 14]
------ 22 --------
[1, 3, 11, 4]
[7, 6, 9, 8]
[5, 2, 12, 15]
[13, 10, 0, 14]
------ 23 --------
[1, 3, 11, 4]
[7, 6, 9, 8]
[5, 2, 12, 15]
[13, 10, 14, 0]
------ 24 --------
[1, 3, 11, 4]
[7, 6, 9, 8]
[5, 2, 12, 0]
[13, 10, 14, 15]
------ 25 --------
[1, 3, 11, 4]
[7, 6, 9, 8]
[5, 2, 0, 12]
[13, 10, 14, 15]
------ 26 --------
[1, 3, 11, 4]
[7, 6, 0, 8]
[5, 2, 9, 12]
[13, 10, 14, 15]
------ 27 --------
[1, 3, 11, 4]
[7, 0, 6, 8]
[5, 2, 9, 12]
[13, 10, 14, 15]
------ 28 --------
[1, 3, 11, 4]
[7, 2, 6, 8]
[5, 0, 9, 12]
[13, 10, 14, 15]
------ 29 --------
[1, 3, 11, 4]
[7, 2, 6, 8]
[5, 9, 0, 12]
[13, 10, 14, 15]
------ 30 --------
[1, 3, 11, 4]
[7, 2, 0, 8]
[5, 9, 6, 12]
[13, 10, 14, 15]
------ 31 --------
[1, 3, 0, 4]
[7, 2, 11, 8]
[5, 9, 6, 12]
[13, 10, 14, 15]
------ 32 --------
[1, 0, 3, 4]
[7, 2, 11, 8]
[5, 9, 6, 12]
[13, 10, 14, 15]
------ 33 --------
[1, 2, 3, 4]
[7, 0, 11, 8]
[5, 9, 6, 12]
[13, 10, 14, 15]
------ 34 --------
[1, 2, 3, 4]
[0, 7, 11, 8]
[5, 9, 6, 12]
[13, 10, 14, 15]
------ 35 --------
[1, 2, 3, 4]
[5, 7, 11, 8]
[0, 9, 6, 12]
[13, 10, 14, 15]
------ 36 --------
[1, 2, 3, 4]
[5, 7, 11, 8]
[9, 0, 6, 12]
[13, 10, 14, 15]
------ 37 --------
[1, 2, 3, 4]
[5, 7, 11, 8]
[9, 6, 0, 12]
[13, 10, 14, 15]
------ 38 --------
[1, 2, 3, 4]
[5, 7, 0, 8]
[9, 6, 11, 12]
[13, 10, 14, 15]
------ 39 --------
[1, 2, 3, 4]
[5, 0, 7, 8]
[9, 6, 11, 12]
[13, 10, 14, 15]
------ 40 --------
[1, 2, 3, 4]
[5, 6, 7, 8]
[9, 0, 11, 12]
[13, 10, 14, 15]
------ 41 --------
[1, 2, 3, 4]
[5, 6, 7, 8]
[9, 10, 11, 12]
[13, 0, 14, 15]
------ 42 --------
[1, 2, 3, 4]
[5, 6, 7, 8]
[9, 10, 11, 12]
[13, 14, 0, 15]
------ 43 --------
[1, 2, 3, 4]
[5, 6, 7, 8]
[9, 10, 11, 12]
[13, 14, 15, 0]
采用欧式距离计算启发函数
搜索最优路径长度为 43
搜索时长为 337.8415229320526 s
共检测节点数为 3431727
