最终搜索路径为：
------ 0 --------
[5, 1, 2, 4]
[9, 6, 3, 8]
[13, 15, 10, 11]
[0, 14, 7, 12]
------ 1 --------
[5, 1, 2, 4]
[9, 6, 3, 8]
[0, 15, 10, 11]
[13, 14, 7, 12]
------ 2 --------
[5, 1, 2, 4]
[9, 6, 3, 8]
[15, 0, 10, 11]
[13, 14, 7, 12]
------ 3 --------
[5, 1, 2, 4]
[9, 6, 3, 8]
[15, 14, 10, 11]
[13, 0, 7, 12]
------ 4 --------
[5, 1, 2, 4]
[9, 6, 3, 8]
[15, 14, 10, 11]
[13, 7, 0, 12]
------ 5 --------
[5, 1, 2, 4]
[9, 6, 3, 8]
[15, 14, 0, 11]
[13, 7, 10, 12]
------ 6 --------
[5, 1, 2, 4]
[9, 6, 3, 8]
[15, 0, 14, 11]
[13, 7, 10, 12]
------ 7 --------
[5, 1, 2, 4]
[9, 6, 3, 8]
[15, 7, 14, 11]
[13, 0, 10, 12]
------ 8 --------
[5, 1, 2, 4]
[9, 6, 3, 8]
[15, 7, 14, 11]
[13, 10, 0, 12]
------ 9 --------
[5, 1, 2, 4]
[9, 6, 3, 8]
[15, 7, 0, 11]
[13, 10, 14, 12]
------ 10 --------
[5, 1, 2, 4]
[9, 6, 3, 8]
[15, 0, 7, 11]
[13, 10, 14, 12]
------ 11 --------
[5, 1, 2, 4]
[9, 6, 3, 8]
[0, 15, 7, 11]
[13, 10, 14, 12]
------ 12 --------
[5, 1, 2, 4]
[0, 6, 3, 8]
[9, 15, 7, 11]
[13, 10, 14, 12]
------ 13 --------
[0, 1, 2, 4]
[5, 6, 3, 8]
[9, 15, 7, 11]
[13, 10, 14, 12]
------ 14 --------
[1, 0, 2, 4]
[5, 6, 3, 8]
[9, 15, 7, 11]
[13, 10, 14, 12]
------ 15 --------
[1, 2, 0, 4]
[5, 6, 3, 8]
[9, 15, 7, 11]
[13, 10, 14, 12]
------ 16 --------
[1, 2, 3, 4]
[5, 6, 0, 8]
[9, 15, 7, 11]
[13, 10, 14, 12]
------ 17 --------
[1, 2, 3, 4]
[5, 6, 7, 8]
[9, 15, 0, 11]
[13, 10, 14, 12]
------ 18 --------
[1, 2, 3, 4]
[5, 6, 7, 8]
[9, 0, 15, 11]
[13, 10, 14, 12]
------ 19 --------
[1, 2, 3, 4]
[5, 6, 7, 8]
[9, 10, 15, 11]
[13, 0, 14, 12]
------ 20 --------
[1, 2, 3, 4]
[5, 6, 7, 8]
[9, 10, 15, 11]
[13, 14, 0, 12]
------ 21 --------
[1, 2, 3, 4]
[5, 6, 7, 8]
[9, 10, 0, 11]
[13, 14, 15, 12]
------ 22 --------
[1, 2, 3, 4]
[5, 6, 7, 8]
[9, 10, 11, 0]
[13, 14, 15, 12]
------ 23 --------
[1, 2, 3, 4]
[5, 6, 7, 8]
[9, 10, 11, 12]
[13, 14, 15, 0]
搜索最优路径长度为 23
搜索时长为 62.749990701675415 s
共检测节点数为 1363348
